Cylinder1 (unit circle, chord=diameter=1; center at x/c=0.5, y/c=0.0)
# Generated procedurally as a perfect circle.
# Useful as a high-resolution 'cylinder' airfoil shape file.
# Format: Selig airfoil coordinates (x/c, y/c)
# Order: start at TE (upper surface), go to LE, then return to TE (lower surface)
# Columns: x   y
 1.00000000  0.00000000
 0.99993832  0.00785366
 0.99975328  0.01570538
 0.99944494  0.02355323
 0.99901336  0.03139526
 0.99845867  0.03922955
 0.99778098  0.04705416
 0.99698048  0.05486716
 0.99605735  0.06266662
 0.99501183  0.07045062
 0.99384417  0.07821723
 0.99255466  0.08596455
 0.99114363  0.09369066
 0.98961141  0.10139365
 0.98795838  0.10907162
 0.98618496  0.11672268
 0.98429158  0.12434494
 0.98227871  0.13193652
 0.98014684  0.13949555
 0.97789651  0.14702016
 0.97552826  0.15450850
 0.97304268  0.16195871
 0.97044038  0.16936896
 0.96772202  0.17673742
 0.96488824  0.18406228
 0.96193977  0.19134172
 0.95887731  0.19857395
 0.95570164  0.20575718
 0.95241353  0.21288965
 0.94901379  0.21996958
 0.94550326  0.22699525
 0.94188282  0.23396491
 0.93815334  0.24087684
 0.93431576  0.24772933
 0.93037101  0.25452071
 0.92632008  0.26124928
 0.92216396  0.26791340
 0.91790368  0.27451141
 0.91354029  0.28104169
 0.90907486  0.28750263
 0.90450850  0.29389263
 0.89984233  0.30021011
 0.89507751  0.30645353
 0.89021520  0.31262133
 0.88525662  0.31871199
 0.88020298  0.32472402
 0.87505553  0.33065593
 0.86981555  0.33650626
 0.86448431  0.34227355
 0.85906315  0.34795640
 0.85355339  0.35355339
 0.84795640  0.35906315
 0.84227355  0.36448431
 0.83650626  0.36981555
 0.83065593  0.37505553
 0.82472402  0.38020298
 0.81871199  0.38525662
 0.81262133  0.39021520
 0.80645353  0.39507751
 0.80021011  0.39984233
 0.79389263  0.40450850
 0.78750263  0.40907486
 0.78104169  0.41354029
 0.77451141  0.41790368
 0.76791340  0.42216396
 0.76124928  0.42632008
 0.75452071  0.43037101
 0.74772933  0.43431576
 0.74087684  0.43815334
 0.73396491  0.44188282
 0.72699525  0.44550326
 0.71996958  0.44901379
 0.71288965  0.45241353
 0.70575718  0.45570164
 0.69857395  0.45887731
 0.69134172  0.46193977
 0.68406228  0.46488824
 0.67673742  0.46772202
 0.66936896  0.47044038
 0.66195871  0.47304268
 0.65450850  0.47552826
 0.64702016  0.47789651
 0.63949555  0.48014684
 0.63193652  0.48227871
 0.62434494  0.48429158
 0.61672268  0.48618496
 0.60907162  0.48795838
 0.60139365  0.48961141
 0.59369066  0.49114363
 0.58596455  0.49255466
 0.57821723  0.49384417
 0.57045062  0.49501183
 0.56266662  0.49605735
 0.55486716  0.49698048
 0.54705416  0.49778098
 0.53922955  0.49845867
 0.53139526  0.49901336
 0.52355323  0.49944494
 0.51570538  0.49975328
 0.50785366  0.49993832
 0.50000000  0.50000000
 0.49214634  0.49993832
 0.48429462  0.49975328
 0.47644677  0.49944494
 0.46860474  0.49901336
 0.46077045  0.49845867
 0.45294584  0.49778098
 0.44513284  0.49698048
 0.43733338  0.49605735
 0.42954938  0.49501183
 0.42178277  0.49384417
 0.41403545  0.49255466
 0.40630934  0.49114363
 0.39860635  0.48961141
 0.39092838  0.48795838
 0.38327732  0.48618496
 0.37565506  0.48429158
 0.36806348  0.48227871
 0.36050445  0.48014684
 0.35297984  0.47789651
 0.34549150  0.47552826
 0.33804129  0.47304268
 0.33063104  0.47044038
 0.32326258  0.46772202
 0.31593772  0.46488824
 0.30865828  0.46193977
 0.30142605  0.45887731
 0.29424282  0.45570164
 0.28711035  0.45241353
 0.28003042  0.44901379
 0.27300475  0.44550326
 0.26603509  0.44188282
 0.25912316  0.43815334
 0.25227067  0.43431576
 0.24547929  0.43037101
 0.23875072  0.42632008
 0.23208660  0.42216396
 0.22548859  0.41790368
 0.21895831  0.41354029
 0.21249737  0.40907486
 0.20610737  0.40450850
 0.19978989  0.39984233
 0.19354647  0.39507751
 0.18737867  0.39021520
 0.18128801  0.38525662
 0.17527598  0.38020298
 0.16934407  0.37505553
 0.16349374  0.36981555
 0.15772645  0.36448431
 0.15204360  0.35906315
 0.14644661  0.35355339
 0.14093685  0.34795640
 0.13551569  0.34227355
 0.13018445  0.33650626
 0.12494447  0.33065593
 0.11979702  0.32472402
 0.11474338  0.31871199
 0.10978480  0.31262133
 0.10492249  0.30645353
 0.10015767  0.30021011
 0.09549150  0.29389263
 0.09092514  0.28750263
 0.08645971  0.28104169
 0.08209632  0.27451141
 0.07783604  0.26791340
 0.07367992  0.26124928
 0.06962899  0.25452071
 0.06568424  0.24772933
 0.06184666  0.24087684
 0.05811718  0.23396491
 0.05449674  0.22699525
 0.05098621  0.21996958
 0.04758647  0.21288965
 0.04429836  0.20575718
 0.04112269  0.19857395
 0.03806023  0.19134172
 0.03511176  0.18406228
 0.03227798  0.17673742
 0.02955962  0.16936896
 0.02695732  0.16195871
 0.02447174  0.15450850
 0.02210349  0.14702016
 0.01985316  0.13949555
 0.01772129  0.13193652
 0.01570842  0.12434494
 0.01381504  0.11672268
 0.01204162  0.10907162
 0.01038859  0.10139365
 0.00885637  0.09369066
 0.00744534  0.08596455
 0.00615583  0.07821723
 0.00498817  0.07045062
 0.00394265  0.06266662
 0.00301952  0.05486716
 0.00221902  0.04705416
 0.00154133  0.03922955
 0.00098664  0.03139526
 0.00055506  0.02355323
 0.00024672  0.01570538
 0.00006168  0.00785366
 0.00000000  0.00000000
 0.00006168 -0.00785366
 0.00024672 -0.01570538
 0.00055506 -0.02355323
 0.00098664 -0.03139526
 0.00154133 -0.03922955
 0.00221902 -0.04705416
 0.00301952 -0.05486716
 0.00394265 -0.06266662
 0.00498817 -0.07045062
 0.00615583 -0.07821723
 0.00744534 -0.08596455
 0.00885637 -0.09369066
 0.01038859 -0.10139365
 0.01204162 -0.10907162
 0.01381504 -0.11672268
 0.01570842 -0.12434494
 0.01772129 -0.13193652
 0.01985316 -0.13949555
 0.02210349 -0.14702016
 0.02447174 -0.15450850
 0.02695732 -0.16195871
 0.02955962 -0.16936896
 0.03227798 -0.17673742
 0.03511176 -0.18406228
 0.03806023 -0.19134172
 0.04112269 -0.19857395
 0.04429836 -0.20575718
 0.04758647 -0.21288965
 0.05098621 -0.21996958
 0.05449674 -0.22699525
 0.05811718 -0.23396491
 0.06184666 -0.24087684
 0.06568424 -0.24772933
 0.06962899 -0.25452071
 0.07367992 -0.26124928
 0.07783604 -0.26791340
 0.08209632 -0.27451141
 0.08645971 -0.28104169
 0.09092514 -0.28750263
 0.09549150 -0.29389263
 0.10015767 -0.30021011
 0.10492249 -0.30645353
 0.10978480 -0.31262133
 0.11474338 -0.31871199
 0.11979702 -0.32472402
 0.12494447 -0.33065593
 0.13018445 -0.33650626
 0.13551569 -0.34227355
 0.14093685 -0.34795640
 0.14644661 -0.35355339
 0.15204360 -0.35906315
 0.15772645 -0.36448431
 0.16349374 -0.36981555
 0.16934407 -0.37505553
 0.17527598 -0.38020298
 0.18128801 -0.38525662
 0.18737867 -0.39021520
 0.19354647 -0.39507751
 0.19978989 -0.39984233
 0.20610737 -0.40450850
 0.21249737 -0.40907486
 0.21895831 -0.41354029
 0.22548859 -0.41790368
 0.23208660 -0.42216396
 0.23875072 -0.42632008
 0.24547929 -0.43037101
 0.25227067 -0.43431576
 0.25912316 -0.43815334
 0.26603509 -0.44188282
 0.27300475 -0.44550326
 0.28003042 -0.44901379
 0.28711035 -0.45241353
 0.29424282 -0.45570164
 0.30142605 -0.45887731
 0.30865828 -0.46193977
 0.31593772 -0.46488824
 0.32326258 -0.46772202
 0.33063104 -0.47044038
 0.33804129 -0.47304268
 0.34549150 -0.47552826
 0.35297984 -0.47789651
 0.36050445 -0.48014684
 0.36806348 -0.48227871
 0.37565506 -0.48429158
 0.38327732 -0.48618496
 0.39092838 -0.48795838
 0.39860635 -0.48961141
 0.40630934 -0.49114363
 0.41403545 -0.49255466
 0.42178277 -0.49384417
 0.42954938 -0.49501183
 0.43733338 -0.49605735
 0.44513284 -0.49698048
 0.45294584 -0.49778098
 0.46077045 -0.49845867
 0.46860474 -0.49901336
 0.47644677 -0.49944494
 0.48429462 -0.49975328
 0.49214634 -0.49993832
 0.50000000 -0.50000000
 0.50785366 -0.49993832
 0.51570538 -0.49975328
 0.52355323 -0.49944494
 0.53139526 -0.49901336
 0.53922955 -0.49845867
 0.54705416 -0.49778098
 0.55486716 -0.49698048
 0.56266662 -0.49605735
 0.57045062 -0.49501183
 0.57821723 -0.49384417
 0.58596455 -0.49255466
 0.59369066 -0.49114363
 0.60139365 -0.48961141
 0.60907162 -0.48795838
 0.61672268 -0.48618496
 0.62434494 -0.48429158
 0.63193652 -0.48227871
 0.63949555 -0.48014684
 0.64702016 -0.47789651
 0.65450850 -0.47552826
 0.66195871 -0.47304268
 0.66936896 -0.47044038
 0.67673742 -0.46772202
 0.68406228 -0.46488824
 0.69134172 -0.46193977
 0.69857395 -0.45887731
 0.70575718 -0.45570164
 0.71288965 -0.45241353
 0.71996958 -0.44901379
 0.72699525 -0.44550326
 0.73396491 -0.44188282
 0.74087684 -0.43815334
 0.74772933 -0.43431576
 0.75452071 -0.43037101
 0.76124928 -0.42632008
 0.76791340 -0.42216396
 0.77451141 -0.41790368
 0.78104169 -0.41354029
 0.78750263 -0.40907486
 0.79389263 -0.40450850
 0.80021011 -0.39984233
 0.80645353 -0.39507751
 0.81262133 -0.39021520
 0.81871199 -0.38525662
 0.82472402 -0.38020298
 0.83065593 -0.37505553
 0.83650626 -0.36981555
 0.84227355 -0.36448431
 0.84795640 -0.35906315
 0.85355339 -0.35355339
 0.85906315 -0.34795640
 0.86448431 -0.34227355
 0.86981555 -0.33650626
 0.87505553 -0.33065593
 0.88020298 -0.32472402
 0.88525662 -0.31871199
 0.89021520 -0.31262133
 0.89507751 -0.30645353
 0.89984233 -0.30021011
 0.90450850 -0.29389263
 0.90907486 -0.28750263
 0.91354029 -0.28104169
 0.91790368 -0.27451141
 0.92216396 -0.26791340
 0.92632008 -0.26124928
 0.93037101 -0.25452071
 0.93431576 -0.24772933
 0.93815334 -0.24087684
 0.94188282 -0.23396491
 0.94550326 -0.22699525
 0.94901379 -0.21996958
 0.95241353 -0.21288965
 0.95570164 -0.20575718
 0.95887731 -0.19857395
 0.96193977 -0.19134172
 0.96488824 -0.18406228
 0.96772202 -0.17673742
 0.97044038 -0.16936896
 0.97304268 -0.16195871
 0.97552826 -0.15450850
 0.97789651 -0.14702016
 0.98014684 -0.13949555
 0.98227871 -0.13193652
 0.98429158 -0.12434494
 0.98618496 -0.11672268
 0.98795838 -0.10907162
 0.98961141 -0.10139365
 0.99114363 -0.09369066
 0.99255466 -0.08596455
 0.99384417 -0.07821723
 0.99501183 -0.07045062
 0.99605735 -0.06266662
 0.99698048 -0.05486716
 0.99778098 -0.04705416
 0.99845867 -0.03922955
 0.99901336 -0.03139526
 0.99944494 -0.02355323
 0.99975328 -0.01570538
 0.99993832 -0.00785366
 1.00000000 -0.00000000
