NACA64_A17 (NACA 64(3)-618; upsampled to high resolution for CSF workflows)
# Base coordinates sourced from UIUC/Selig coordinate database file naca643618.dat, then upsampled with cosine spacing and monotone cubic interpolation.
# This is a geometric coordinate set only (no polars).
# Format: Selig airfoil coordinates (x/c, y/c)
# Order: start at TE (upper surface), go to LE, then return to TE (lower surface)
# Columns: x   y
 1.00000000  0.00000000
 0.99993832  0.00001677
 0.99975328  0.00006707
 0.99944494  0.00015092
 0.99901336  0.00026829
 0.99845867  0.00041920
 0.99778098  0.00060362
 0.99698048  0.00082156
 0.99605735  0.00107299
 0.99501183  0.00135789
 0.99384417  0.00167623
 0.99255466  0.00202794
 0.99114363  0.00241299
 0.98961141  0.00283127
 0.98795838  0.00328270
 0.98618496  0.00376714
 0.98429158  0.00428444
 0.98227871  0.00483442
 0.98014684  0.00541686
 0.97789651  0.00603149
 0.97552826  0.00667801
 0.97304268  0.00735606
 0.97044038  0.00806524
 0.96772202  0.00880508
 0.96488824  0.00957506
 0.96193977  0.01037458
 0.95887731  0.01120296
 0.95570164  0.01205948
 0.95241353  0.01294329
 0.94901379  0.01385343
 0.94550326  0.01478894
 0.94188282  0.01574963
 0.93815334  0.01673555
 0.93431576  0.01774683
 0.93037101  0.01878372
 0.92632008  0.01984659
 0.92216396  0.02093592
 0.91790368  0.02205235
 0.91354029  0.02319662
 0.90907486  0.02436965
 0.90450850  0.02557248
 0.89984233  0.02680624
 0.89507751  0.02806982
 0.89021520  0.02936191
 0.88525662  0.03068159
 0.88020298  0.03202785
 0.87505553  0.03339960
 0.86981555  0.03479563
 0.86448431  0.03621464
 0.85906315  0.03765521
 0.85355339  0.03911584
 0.84795640  0.04059625
 0.84227355  0.04209950
 0.83650626  0.04362453
 0.83065593  0.04516984
 0.82472402  0.04673379
 0.81871199  0.04831468
 0.81262133  0.04991069
 0.80645353  0.05151988
 0.80021011  0.05314056
 0.79389263  0.05477654
 0.78750263  0.05642774
 0.78104169  0.05809166
 0.77451141  0.05976565
 0.76791340  0.06144694
 0.76124928  0.06313265
 0.75452071  0.06481975
 0.74772933  0.06650732
 0.74087684  0.06820052
 0.73396491  0.06989716
 0.72699525  0.07159422
 0.71996958  0.07328855
 0.71288965  0.07497691
 0.70575718  0.07665593
 0.69857395  0.07832336
 0.69134172  0.07998387
 0.68406228  0.08163625
 0.67673742  0.08327780
 0.66936896  0.08490575
 0.66195871  0.08651729
 0.65450850  0.08810956
 0.64702016  0.08968158
 0.63949555  0.09123758
 0.63193652  0.09277523
 0.62434494  0.09429150
 0.61672268  0.09578328
 0.60907162  0.09724747
 0.60139365  0.09868091
 0.59369066  0.10008595
 0.58596455  0.10146513
 0.57821723  0.10281509
 0.57045062  0.10413247
 0.56266662  0.10541391
 0.55486716  0.10665603
 0.54705416  0.10785700
 0.53922955  0.10902362
 0.53139526  0.11015385
 0.52355323  0.11124362
 0.51570538  0.11228890
 0.50785366  0.11328569
 0.50000000  0.11423000
 0.49214634  0.11512675
 0.48429462  0.11598026
 0.47644677  0.11678576
 0.46860474  0.11753854
 0.46077045  0.11823396
 0.45294584  0.11886747
 0.44513284  0.11943897
 0.43733338  0.11996607
 0.42954938  0.12044202
 0.42178277  0.12085619
 0.41403545  0.12119816
 0.40630934  0.12145772
 0.39860635  0.12162495
 0.39092838  0.12169539
 0.38327732  0.12167742
 0.37565506  0.12157979
 0.36806348  0.12141116
 0.36050445  0.12118005
 0.35297984  0.12089487
 0.34549150  0.12056331
 0.33804129  0.12017951
 0.33063104  0.11974037
 0.32326258  0.11924715
 0.31593772  0.11870119
 0.30865828  0.11810383
 0.30142605  0.11745647
 0.29424282  0.11676067
 0.28711035  0.11601906
 0.28003042  0.11523237
 0.27300475  0.11440075
 0.26603509  0.11352447
 0.25912316  0.11260388
 0.25227067  0.11163942
 0.24547929  0.11063163
 0.23875072  0.10958475
 0.23208660  0.10850211
 0.22548859  0.10738350
 0.21895831  0.10622884
 0.21249737  0.10503819
 0.20610737  0.10381175
 0.19978989  0.10254985
 0.19354647  0.10125339
 0.18737867  0.09993441
 0.18128801  0.09859540
 0.17527598  0.09723291
 0.16934407  0.09584389
 0.16349374  0.09442572
 0.15772645  0.09297619
 0.15204360  0.09149348
 0.14644661  0.08997621
 0.14093685  0.08842589
 0.13551569  0.08685325
 0.13018445  0.08526147
 0.12494447  0.08365280
 0.11979702  0.08202954
 0.11474338  0.08039399
 0.10978480  0.07874854
 0.10492249  0.07709556
 0.10015767  0.07543748
 0.09549150  0.07377674
 0.09092514  0.07210916
 0.08645971  0.07041561
 0.08209632  0.06869717
 0.07783604  0.06695681
 0.07367992  0.06519772
 0.06962899  0.06342331
 0.06568424  0.06165065
 0.06184666  0.05989706
 0.05811718  0.05814832
 0.05449674  0.05639245
 0.05098621  0.05462026
 0.04758647  0.05282517
 0.04429836  0.05100301
 0.04112269  0.04918275
 0.03806023  0.04739225
 0.03511176  0.04562154
 0.03227798  0.04386372
 0.02955962  0.04211464
 0.02695732  0.04037270
 0.02447174  0.03863853
 0.02210349  0.03691476
 0.01985316  0.03520573
 0.01772129  0.03351884
 0.01570842  0.03185233
 0.01381504  0.03020215
 0.01204162  0.02856966
 0.01038859  0.02696074
 0.00885637  0.02538489
 0.00744534  0.02382968
 0.00615583  0.02219909
 0.00498817  0.02064342
 0.00394265  0.01928528
 0.00301952  0.01839639
 0.00221902  0.01761682
 0.00154133  0.01553731
 0.00098664  0.01127522
 0.00055506  0.00636691
 0.00024672  0.00270405
 0.00006168  0.00064380
 0.00000000  0.00000000
 0.00006168 -0.00008970
 0.00024672 -0.00036047
 0.00055506 -0.00081697
 0.00098664 -0.00146567
 0.00154133 -0.00231293
 0.00221902 -0.00336231
 0.00301952 -0.00461116
 0.00394265 -0.00604636
 0.00498817 -0.00763952
 0.00615583 -0.00934129
 0.00744534 -0.01107508
 0.00885637 -0.01271645
 0.01038859 -0.01395254
 0.01204162 -0.01509134
 0.01381504 -0.01626538
 0.01570842 -0.01741078
 0.01772129 -0.01850798
 0.01985316 -0.01958828
 0.02210349 -0.02065860
 0.02447174 -0.02171533
 0.02695732 -0.02275678
 0.02955962 -0.02378358
 0.03227798 -0.02479843
 0.03511176 -0.02580165
 0.03806023 -0.02679220
 0.04112269 -0.02777025
 0.04429836 -0.02873732
 0.04758647 -0.02969642
 0.05098621 -0.03065221
 0.05449674 -0.03161109
 0.05811718 -0.03257173
 0.06184666 -0.03350497
 0.06568424 -0.03441147
 0.06962899 -0.03529663
 0.07367992 -0.03616746
 0.07783604 -0.03703269
 0.08209632 -0.03790196
 0.08645971 -0.03876304
 0.09092514 -0.03960693
 0.09549150 -0.04043204
 0.10015767 -0.04123690
 0.10492249 -0.04202020
 0.10978480 -0.04278547
 0.11474338 -0.04354259
 0.11979702 -0.04429103
 0.12494447 -0.04502993
 0.13018445 -0.04575845
 0.13551569 -0.04647585
 0.14093685 -0.04718143
 0.14644661 -0.04787459
 0.15204360 -0.04855479
 0.15772645 -0.04922109
 0.16349374 -0.04986775
 0.16934407 -0.05049345
 0.17527598 -0.05109869
 0.18128801 -0.05168414
 0.18737867 -0.05225067
 0.19354647 -0.05279929
 0.19978989 -0.05333120
 0.20610737 -0.05384769
 0.21249737 -0.05434454
 0.21895831 -0.05481867
 0.22548859 -0.05526983
 0.23208660 -0.05569790
 0.23875072 -0.05610277
 0.24547929 -0.05648444
 0.25227067 -0.05684297
 0.25912316 -0.05718209
 0.26603509 -0.05750864
 0.27300475 -0.05781448
 0.28003042 -0.05809018
 0.28711035 -0.05832593
 0.29424282 -0.05851152
 0.30142605 -0.05863639
 0.30865828 -0.05870822
 0.31593772 -0.05877192
 0.32326258 -0.05882600
 0.33063104 -0.05886564
 0.33804129 -0.05888592
 0.34549150 -0.05888171
 0.35297984 -0.05884780
 0.36050445 -0.05877031
 0.36806348 -0.05863905
 0.37565506 -0.05845202
 0.38327732 -0.05820723
 0.39092838 -0.05790274
 0.39860635 -0.05753662
 0.40630934 -0.05710373
 0.41403545 -0.05659388
 0.42178277 -0.05601602
 0.42954938 -0.05538122
 0.43733338 -0.05470075
 0.44513284 -0.05398611
 0.45294584 -0.05324760
 0.46077045 -0.05247004
 0.46860474 -0.05164972
 0.47644677 -0.05079205
 0.48429462 -0.04990251
 0.49214634 -0.04898664
 0.50000000 -0.04805000
 0.50785366 -0.04708804
 0.51570538 -0.04609542
 0.52355323 -0.04507661
 0.53139526 -0.04403610
 0.53922955 -0.04297836
 0.54705416 -0.04190788
 0.55486716 -0.04082476
 0.56266662 -0.03972138
 0.57045062 -0.03860139
 0.57821723 -0.03746914
 0.58596455 -0.03632893
 0.59369066 -0.03518500
 0.60139365 -0.03404068
 0.60907162 -0.03288953
 0.61672268 -0.03173173
 0.62434494 -0.03057036
 0.63193652 -0.02940843
 0.63949555 -0.02824888
 0.64702016 -0.02709461
 0.65450850 -0.02594395
 0.66195871 -0.02479197
 0.66936896 -0.02364229
 0.67673742 -0.02249861
 0.68406228 -0.02136452
 0.69134172 -0.02024348
 0.69857395 -0.01913878
 0.70575718 -0.01804418
 0.71288965 -0.01695673
 0.71996958 -0.01588083
 0.72699525 -0.01482071
 0.73396491 -0.01378041
 0.74087684 -0.01276375
 0.74772933 -0.01177437
 0.75452071 -0.01080786
 0.76124928 -0.00985847
 0.76791340 -0.00892922
 0.77451141 -0.00802293
 0.78104169 -0.00714227
 0.78750263 -0.00628969
 0.79389263 -0.00546746
 0.80021011 -0.00467663
 0.80645353 -0.00390654
 0.81262133 -0.00315719
 0.81871199 -0.00243244
 0.82472402 -0.00173584
 0.83065593 -0.00107064
 0.83650626 -0.00043975
 0.84227355  0.00015423
 0.84795640  0.00070901
 0.85355339  0.00123440
 0.85906315  0.00174179
 0.86448431  0.00222562
 0.86981555  0.00268086
 0.87505553  0.00310302
 0.88020298  0.00348820
 0.88525662  0.00383304
 0.89021520  0.00413472
 0.89507751  0.00439093
 0.89984233  0.00460112
 0.90450850  0.00479923
 0.90907486  0.00499465
 0.91354029  0.00517943
 0.91790368  0.00534668
 0.92216396  0.00549050
 0.92632008  0.00560597
 0.93037101  0.00568906
 0.93431576  0.00573662
 0.93815334  0.00574632
 0.94188282  0.00571663
 0.94550326  0.00564671
 0.94901379  0.00553642
 0.95241353  0.00537939
 0.95570164  0.00517220
 0.95887731  0.00492584
 0.96193977  0.00465019
 0.96488824  0.00435392
 0.96772202  0.00404460
 0.97044038  0.00372875
 0.97304268  0.00341190
 0.97552826  0.00309876
 0.97789651  0.00279317
 0.98014684  0.00249830
 0.98227871  0.00221662
 0.98429158  0.00195004
 0.98618496  0.00169996
 0.98795838  0.00146732
 0.98961141  0.00125269
 0.99114363  0.00105631
 0.99255466  0.00087818
 0.99384417  0.00071807
 0.99501183  0.00057559
 0.99605735  0.00045025
 0.99698048  0.00034151
 0.99778098  0.00024877
 0.99845867  0.00017146
 0.99901336  0.00010904
 0.99944494  0.00006102
 0.99975328  0.00002702
 0.99993832  0.00000674
 1.00000000  0.00000000
